0.00057633 0.02091402
0.01631110 -0.00136183
0.02878824 -0.00563763
0.00510218 0.01964679
-0.00777588 0.02393339
0.00393189 0.01614455
-0.00194166 0.01491888
-0.00843990 0.00778310
0.00925028 0.00080944
0.02286368 -0.00275766
0.02764627 -0.00979969
0.03536378 -0.01695805
0.02424854 -0.00202248
0.00439558 0.01497354
-0.00466217 0.01353449
-0.00767710 0.01462478
-0.02435796 0.02434158
-0.02504757 0.02252107
0.00397782 0.00920863
0.01323159 -0.00399902
0.02207317 -0.01286197
0.02977135 -0.00603454
0.01669819 0.01299173
-0.00883060 0.00850715
-0.00992266 0.01130282
-0.01269970 0.02072996
-0.01659612 0.00067146
0.00809130 -0.03191829
0.03458756 -0.03399505
0.03450492 -0.01635603
0.01538112 -0.00641608
-0.00081827 0.02449913
-0.02179309 0.05419001
-0.03293763 0.04899162
-0.01783912 0.01704534
-0.00402193 -0.00362834
0.01126461 -0.02088547
0.03242383 -0.03178269
0.02560922 -0.01745091
-0.01103794 0.00867021
-0.02130487 0.01793461
0.00266620 0.03295213
0.00871657 0.01306466
0.01150274 -0.01933994
0.02364623 -0.02456600
0.03508665 0.00897393
0.01248271 0.02133666
-0.01012418 0.00317958
-0.03106862 0.01219237
-0.01855533 0.02080968
0.00734314 -0.00244603
0.01248559 -0.03826309
0.00220984 -0.02913772
-0.00440588 0.01276521
0.00382002 0.02705873
-0.01607819 0.01292816
-0.02872752 -0.00582736
-0.01150752 -0.00719468
0.03671529 -0.02055574
0.04524075 -0.03132248
0.00079216 -0.02834917
-0.02896006 -0.00212939
-0.04158717 0.02544276
-0.03907468 0.04345301
-0.03928064 0.00419635
-0.01371932 -0.05666091
0.02411995 -0.06435245
0.02803490 -0.03018165
0.02057048 -0.03559450
-0.00787915 -0.02536197
-0.06631655 0.02184172
-0.04724907 0.04697647
-0.00178494 0.01184172
-0.00623666 -0.04180384
-0.01491504 -0.06969900
0.01495936 -0.04210699
0.02831051 -0.01001225
-0.04297520 -0.00697874
-0.08431720 -0.02934298
-0.05659228 -0.01575638
-0.03568469 0.01474339
-0.01162664 -0.04989794
-0.00198594 -0.09263630
-0.00323993 -0.04160733
0.00049634 0.00601282
0.00867136 -0.00112141
-0.02579685 -0.02992556
-0.04863390 -0.00672489
-0.02144119 -0.02467764
0.01264427 -0.01625770
-0.03802110 -0.03430815
-0.07247398 -0.05451713
-0.05352482 -0.03197570
-0.05742782 -0.00683532
-0.06265791 -0.03983847
-0.03989701 -0.05639913
-0.01363692 -0.05630338
-0.00983697 -0.03732894
-0.01060838 -0.02380304
-0.01573936 -0.02478988
-0.06505641 -0.02879992
-0.04670398 -0.02199460
-0.01333007 -0.03303802
-0.02735654 -0.03563476
-0.03681760 -0.07186185
-0.01918646 -0.05123296
-0.03137303 -0.02271829
-0.05517015 -0.01398570
-0.06863350 -0.03747053
-0.06424074 -0.01761756
-0.05030214 -0.02491859
-0.01817865 -0.04930545
-0.01106500 -0.04949520
-0.02966745 -0.04086052
-0.01628015 -0.04218301
-0.00777013 -0.01795400
-0.02088032 0.00293912
-0.04264056 -0.02852616
-0.03302488 -0.02670779
-0.01816022 -0.01876013
-0.03761160 -0.02863327
-0.03413116 -0.04151801
-0.03050763 -0.03108504
-0.03571477 -0.02241737
-0.02627251 -0.04303522
-0.00856088 -0.03475800
-0.03681337 -0.01306570
-0.03576212 -0.02063538
-0.01041888 -0.01415385
-0.01630804 0.00587171
-0.02416902 0.00059814
0.00096244 -0.02969139
0.00749569 -0.02052065
-0.00205608 -0.02065993
-0.00255644 -0.01460241
-0.01583913 -0.00205674
-0.04006682 0.01436330
-0.03545964 -0.00034984
-0.00697042 -0.01155695
0.00590576 -0.00787538
0.00350218 -0.03217072
0.01084172 -0.04361830
0.02112859 -0.00961222
-0.00478120 0.01767550
-0.02489575 0.00739765
-0.02475149 0.01038511
-0.01147478 0.01554051
0.00667167 -0.00076411
0.01319228 -0.01249833
0.00132047 0.00022935
0.00027923 0.01039833
-0.00025522 0.01614707
0.00138439 0.01818477
-0.01320587 0.00626790
-0.00219024 -0.01344482
0.01710162 -0.01636933
0.02459237 -0.00729460
0.00771577 0.00199655
-0.00164172 0.00609651
0.00512282 0.01898443
0.00962356 0.01570843
0.01190432 0.00578465
0.01365404 -0.00531541
0.01628489 -0.00014572
0.01077066 0.01490170
0.00245821 0.02356271
-0.01013132 0.02579254
-0.02078292 0.02159795
-0.00676411 0.00969079
0.02068624 -0.00591258
0.03031237 -0.00985745
0.02242381 -0.00750871
0.02226472 0.00163532
0.01793836 0.02152925
-0.00342820 0.02782944
-0.01337491 0.01880731
-0.00191472 0.00592915
0.01051496 0.00005853
0.01969448 -0.00988799
0.02367863 -0.01381279
0.01283578 0.00338957
-0.00230799 0.02130498
-0.00038358 0.02820761
-0.00416249 0.02122581
-0.00843161 0.01193052
0.00692742 0.00039803
0.02391307 -0.00462209
0.02128527 -0.00428921
0.01020939 -0.00282485
0.00494005 0.00740743
-0.00301089 0.01998559
-0.00502272 0.01579550
0.00075181 0.00835937
0.00173154 0.00303186
0.00534212 0.00139908
0.01294348 -0.00061161
0.00835922 0.00291609
-0.00022053 0.00523833
0.00332139 0.00340623
0.00709166 0.00546585
0.00409940 0.00238479
0.00578296 -0.00213700
0.01062264 0.00113853
0.00299504 0.00711742
-0.00136744 0.00497600
0.00372846 0.00628875
0.00069713 0.00963712
-0.00310078 0.00416044
0.00372775 -0.00046925
0.00620217 0.00466972
0.00025220 0.00500078
0.00072603 0.00050223
0.00217518 0.00646750
0.00068419 0.01032429
0.00390375 0.00170330
0.01017735 -0.00276343
0.00653092 0.00081311
0.00730708 -0.00414515
0.01127623 -0.00616466
0.00561371 0.00197660
-0.00488068 0.00691931
-0.00386047 0.00533955
-0.00084795 0.00991584
-0.00254688 0.01109630
-0.00156329 0.00279619
0.00601956 -0.00062956
0.00755784 0.00061843
0.00572552 -0.00067687
0.00579851 -0.00170464
0.00111340 0.00510050
-0.00266886 0.00755759
0.00043600 0.00155282
0.00388594 -0.00069406
0.00423828 0.00092371
0.00626953 -0.00037310
0.00977162 -0.00079939
0.00534253 0.00413922
0.00031986 0.00698651
-0.00257189 0.00955550
-0.00256855 0.00688297
-0.00099941 0.00264812
0.00360176 -0.00046786
0.00562123 -0.00015390
0.00652572 -0.00141555
0.00514578 -0.00018116
0.00364867 0.00231241
0.00107859 0.00548156
0.00201260 0.00551409
0.00349470 0.00441617
0.00210123 0.00025885
0.00189148 0.00020962
0.00203587 0.00370204
0.00050718 0.00447550
-0.00109313 0.00121103
0.00067598 0.00174969
0.00132697 0.00472563
0.00283378 0.00221335
0.00331303 -0.00163833
0.00302967 -0.00063134
0.00246092 0.00053366
0.00351563 -0.00073047
0.00570380 -0.00410402
0.00152417 -0.00269747
-0.00061078 0.00089913
0.00069560 0.00472215
-0.00335904 0.00698888
-0.00996083 0.00461095
-0.00573339 0.00203734
0.00252769 0.00180965
0.00257180 -0.00291544
0.00026946 -0.00823136
0.00301023 -0.00530170
0.00073544 0.00450335
-0.00432636 0.00617089
-0.00327592 -0.00139139
0.00096130 -0.00264936
0.00357192 -0.00326289
0.00726706 -0.00669862
0.00734027 -0.00874020
-0.00155806 -0.00079648
-0.00784363 0.00599923
-0.00585768 0.01043540
-0.00721128 0.00765273
-0.00842775 -0.00272875
-0.00046538 -0.00850062
0.00835083 -0.00399642
0.00471964 -0.00211707
-0.00251859 -0.00597834
-0.00563490 -0.00260062
-0.00507171 0.00477062
-0.00451716 -0.00073783
-0.00054624 -0.01155204
-0.00005371 -0.01407047
0.00014765 -0.00710013
0.00204500 0.00016325
-0.00792072 0.00436813
-0.01466112 0.00276987
-0.01205336 -0.00048374
-0.00240674 -0.00188951
0.00453609 -0.00938289
0.00329444 -0.01710518
-0.00015103 -0.01236118
-0.00634933 -0.00252713
-0.01152606 0.00438695
-0.01917610 0.00124387
-0.01894343 -0.00686151
-0.00098592 -0.01065024
0.00856245 -0.01031358
0.01050195 -0.01473192
-0.00369444 -0.01268982
-0.01251436 0.00107795
-0.02001070 0.01206200
-0.02780285 0.00391356
-0.02244040 -0.01119112
-0.01165198 -0.02223704
0.00612100 -0.02692716
0.01270085 -0.02916848
0.00417321 -0.01676551
-0.01546015 -0.00224654
-0.01761189 0.00188560
-0.02193104 0.00461907
-0.02472810 -0.00365639
-0.00762875 -0.01701994
0.00402535 -0.02062794
0.00183100 -0.01744785
-0.00756717 -0.01131113
-0.01475875 -0.00312400
-0.02887831 0.00198506
-0.02665734 -0.00935720
-0.01828090 -0.01419971
-0.00753631 -0.01482258
0.00154293 -0.02646900
-0.01015301 -0.03249467
-0.01709615 -0.01618423
-0.01745121 -0.00958408
-0.01345383 -0.01819921
-0.02020933 -0.01898563
-0.01503402 -0.01277482
-0.01017772 -0.01818244
-0.00651545 -0.00561117
-0.02647032 -0.00281187
-0.03635153 -0.00718907
-0.02257076 -0.01645777
-0.02315361 -0.01440998
-0.01729507 -0.03086348
-0.00769146 -0.04839218
-0.01397140 -0.03067902
-0.02934955 -0.02228307
-0.01371789 -0.01138388
-0.01828063 -0.00793499
-0.03634095 -0.00730378
-0.00623231 -0.02101430
0.01201045 -0.01488890
0.00263677 -0.01049782
-0.00663340 -0.01588366
-0.01743190 -0.01733346
-0.01572952 0.01275583
-0.01989378 0.01122361
-0.01619456 -0.02365817
-0.02740380 -0.02194784
-0.01421511 -0.00330459
0.00845701 -0.02448817
-0.00156032 -0.03004786
-0.03721964 -0.01162189
-0.01193424 -0.00886997
0.01524489 -0.00787963
0.01157003 0.00238913
-0.01873556 -0.00590990
-0.00602341 -0.00221353
0.00772981 0.02127898
-0.01045433 0.01890003
-0.00482363 -0.00977937
0.00799436 -0.01227003
0.00957235 -0.00718606
0.02958544 -0.02234375
0.01157993 -0.02491393
-0.02586874 -0.00437181
-0.03382528 0.02844792
-0.00556422 0.01709656
0.00208109 0.00510438
-0.00164426 -0.00319312
0.02862931 -0.01333135
0.06183607 0.01157844
0.02631449 0.02672362
0.00662273 0.02944524
-0.01469957 0.04695209
-0.01221960 0.05261134
0.00858423 0.01626478
0.03163216 -0.02632001
0.01963604 -0.03283941
0.02390428 -0.00626336
0.03455948 0.01278691
0.02721623 0.02873449
-0.01358897 0.03591432
-0.00351741 0.03811842
0.02356752 0.03846537
0.03789777 0.01197104
0.02918111 0.00213307
0.01790679 0.01875128
0.01416047 0.05502812
0.01603296 0.04927486
0.01011508 0.01949351
0.00169869 0.00839099
0.02108586 0.00934386
0.05897606 0.01653891
0.04931865 0.01330961
0.01182864 0.01723705
0.01694786 0.04460572
0.02123932 0.05574154
0.01867781 0.02535481
0.02399856 -0.00559559
0.04890510 0.00760754
0.04820636 0.03194023
0.03268785 0.04082623
0.00394043 0.04343745
-0.01565291 0.05254456
-0.01040422 0.05508956
0.01485191 0.02618564
0.03809107 -0.00280626
0.04735358 -0.02525494
0.06239702 0.00045733
0.04751495 0.02514222
0.01459200 0.04430600
-0.00549581 0.04934723
0.00693566 0.04804645
0.01686169 0.02987252
0.03369659 0.00971763
0.03992601 0.00126237
0.05191260 -0.00890752
0.03084407 0.01038007
0.00007742 0.04038439
-0.01061709 0.04252303
-0.01017473 0.02627800
0.00187212 0.02346561
0.02159487 0.01424584
0.04630744 0.00017578
0.04158493 0.00296093
0.02943498 0.01764436
0.02693026 0.01572952
0.00359616 0.02535279
-0.01628026 0.03618854
-0.00334580 0.01668406
0.02560818 -0.00485016
0.00839607 0.00702420
-0.00101727 0.00894051
0.02440604 -0.00217714
0.02548261 0.01172647
0.00850998 0.02392868
0.01928456 0.00351033
0.03327114 0.00424480
0.01832082 0.01517023
0.01674180 0.00630133
0.01706862 0.00326355
-0.01389872 0.02753013
-0.02277608 0.02453532
0.00335885 0.00371950
0.00459536 0.00986148
-0.00148166 0.01481704
0.02228442 0.00347803
0.03833738 0.00626608
0.00244775 0.01660012
-0.00518163 0.01585299
0.00878393 0.01468904
0.00583114 0.01297222
0.00499797 -0.01425634
0.02995681 -0.02426504
0.03853200 -0.00315222
0.02598356 0.00030784
0.02563455 -0.00011859
0.00625210 0.02349343
-0.02329071 0.04511086
-0.02118415 0.03371197
-0.00987712 0.02446644
-0.00874380 0.01230659
0.00837756 -0.00158364
0.03501128 -0.00298927
0.02703483 0.00142452
0.01533699 0.00342300
0.01930055 0.01544340
0.00448605 0.03221424
-0.00612387 0.02234097
0.00665352 0.00682058
0.02313521 0.00597459
0.02480223 -0.00374338
0.03404717 -0.01337867
0.02584662 0.00579798
0.00484442 0.02283509
0.00118930 0.01815892
-0.00378345 0.03237776
-0.01248814 0.04675141
0.00517506 0.02133217
0.03367126 0.00238294
0.02643299 0.00629207
0.01709713 -0.00143874
0.02803016 -0.00493331
0.01609592 0.01653423
-0.00442289 0.01499709
0.00344750 0.00245475
0.00617747 0.02415920
0.00121594 0.03521004
0.01859398 0.00362816
0.02580659 0.00280738
0.00381414 0.02483227
0.00847898 0.01196281
0.02796694 -0.01001257
0.01598789 -0.00021119
0.00526796 0.00599241
0.01439597 -0.00001468
0.00882673 0.01457455
-0.00596206 0.01843281
0.00447632 0.00672652
0.01076836 0.01114963
-0.01286819 -0.00524165
-0.03048911 -0.01019680
-0.01298416 -0.02838946
0.00823748 -0.02568779
-0.00776811 -0.01251443
-0.02359536 -0.01285900
-0.02165653 -0.01148849
-0.02593699 0.00579065
-0.03035368 0.00417572
-0.02639568 -0.00754058
-0.02403662 -0.01065746
-0.01715123 -0.03007905
0.00963664 -0.04053522
0.01218581 -0.03232210
-0.00941384 -0.03193781
-0.00827410 -0.03576171
-0.00491396 -0.00999382
-0.01731621 0.01288930
-0.03178273 0.00047328
-0.03255496 0.00262601
-0.02166832 -0.00372594
-0.00955672 -0.02563011
-0.00453205 -0.03802621
-0.01402812 -0.02685992
-0.01964310 -0.01880393
-0.02241883 -0.01439456
-0.03372028 0.01224763
-0.03753946 0.01293123
-0.01917990 -0.01416295
0.00597234 -0.03887960
0.01421264 -0.04194832
0.02583451 -0.04762615
0.01327691 -0.02756076
-0.02510665 -0.00298638
-0.04756371 0.00231563
-0.04782352 0.00901867
-0.04363728 0.01133369
-0.02909827 -0.01906727
-0.00278547 -0.05066885
0.00507090 -0.03483185
-0.00052465 0.00015704
-0.00740622 -0.00125564
-0.02846845 -0.01048922
-0.04513092 -0.00666555
-0.02449687 -0.01670978
0.00804144 -0.04474116
-0.00946477 -0.05251992
-0.02781498 -0.03767320
-0.01652467 -0.01240399
-0.02438941 0.00498135
-0.04809212 -0.00706193
-0.05238709 -0.03320196
-0.01687320 -0.03684240
0.01339828 -0.02757444
-0.00226021 -0.02809203
-0.03178259 -0.02201187
-0.05659562 -0.00843765
-0.05075422 0.00639473
-0.04674008 -0.02357565
-0.03352200 -0.05833096
-0.01240536 -0.06543677
0.01237879 -0.04773603
0.00660205 -0.03246920
-0.02888320 -0.01282002
-0.07132542 0.01723816
-0.08693847 0.01561024
-0.04454323 -0.00677334
-0.00194089 -0.02773626
0.00273668 -0.06522688
0.01317241 -0.06607234
0.03019641 -0.03860418
0.00075650 0.01546393
-0.05859837 -0.01001142
-0.07727044 -0.01741375
-0.06025980 -0.00211132
-0.02084100 -0.03134234
0.00943344 -0.08954563
-0.02228584 -0.06270564
-0.03011081 -0.02047284
-0.02491592 0.00667018
-0.03725660 -0.00812183
-0.07331337 0.01265603
-0.05278259 0.00387724
0.01463732 -0.01788265
0.02518233 -0.02365693
-0.01326239 -0.04975603
-0.02247511 -0.03748384
-0.01211377 0.00642317
-0.02194691 -0.01216511
-0.02491765 -0.05643255
-0.02671996 -0.03565787
-0.00560294 -0.00719999
-0.00223939 -0.00953059
-0.00233223 -0.00558561
-0.03341799 0.02518444
-0.03472938 0.02108930
0.01790328 0.01825468
0.00762666 -0.00444902
0.00269201 -0.03561590
0.00730641 -0.03649067
-0.00020216 0.00649742
-0.01045649 0.00932015
-0.01128449 -0.00617741
-0.01968010 -0.01449097
-0.02074859 0.00097435
0.01875438 -0.01653399
0.03114790 -0.03455642
0.00895403 -0.01149500
-0.00085776 0.01303315
0.01766176 0.02760384
-0.00400926 0.04496588
-0.00889616 0.02523621
0.00287846 0.00607888
0.02098440 0.02934378
0.02249320 0.02187978
0.02633672 -0.01097779
0.03377433 -0.00008052
0.00791375 0.02447322
0.01620907 0.01213149
0.01899364 -0.00206701
-0.00055436 0.01753127
0.00096998 0.01372722
0.02394758 0.02426544
0.02348705 0.03177672
0.01595767 0.02809968
0.03719502 0.01246460
0.04976320 0.02093471
0.03242966 0.03173356
0.02890431 0.02976222
0.03239801 0.02921434
0.01871588 0.04919565
0.00657079 0.04378403
0.02579243 0.01389975
0.01657910 0.00779797
0.03220704 0.01000613
0.04202350 -0.00164135
0.02824806 0.02182350
0.00455148 0.04982850
0.01077503 0.04614063
0.01234922 0.04026932
0.00380422 0.03406368
0.02443584 0.02169423
0.04792897 -0.00429215
0.04073357 -0.00427666
0.03274233 0.01803007
0.03082051 0.03356785
0.02172564 0.04153213
0.01330192 0.03488003
0.01678284 0.01969709
0.02609203 0.01422831
0.02099979 0.01201745
0.02009764 0.01561131
0.02013984 0.01723890
0.00718908 0.03396861
0.00104246 0.04051647
0.01057122 0.02522428
0.02145848 0.00824398
0.02539086 0.00421342
0.02862059 0.01920736
0.02609454 0.01591999
0.01543457 0.01573784
0.00895510 0.01764025
0.01169080 0.01551226
0.01830702 -0.00008564
0.02824012 -0.00492144
0.02297257 -0.00062025
0.01757394 0.00735835
0.00305750 0.02925911
-0.00410347 0.04253585
-0.00815980 0.02847142
0.00135703 0.01077430
0.01309981 0.00677699
0.02553752 -0.00240800
0.02827397 -0.01581381
0.01506577 -0.00332800
-0.00426019 0.01734800
-0.00926208 0.02090320
-0.00557962 0.01717571
-0.00302932 0.00816112
0.00985967 -0.00476538
0.02510805 -0.01189387
0.02230918 -0.00298987
0.01260997 0.00139503
0.00114490 0.00653646
-0.01205297 0.01957679
-0.01525974 0.01823324
-0.00507875 0.00355192
0.00423131 -0.00728069
0.00901155 -0.00693743
0.01575900 -0.00675202
0.01269752 -0.00083574
0.00047944 0.00598962
-0.00377010 0.01057460
-0.00062741 0.01037776
-0.00109825 0.00918226
0.00013957 0.00131995
0.00739984 -0.00090623
0.00330716 0.00463458
-0.00156808 0.00342902
0.00002858 0.00189706
0.00066094 0.00495231
0.00113909 0.00267655
0.00748731 -0.00657183
0.00866813 -0.00443867
0.00263771 0.00133552
0.00361329 -0.00055848
0.00287427 -0.00052512
-0.00453302 0.00731519
-0.00426925 0.00330662
0.00402622 -0.00036506
0.00293690 0.00324083
-0.00089369 0.00322451
0.00375678 0.00085789
0.00150430 0.00672231
-0.00562437 0.00856170
-0.00433718 0.00051571
0.00039957 0.00025038
-0.00161712 0.00281598
0.00119131 -0.00537284
0.00968888 -0.01060237
0.01121120 -0.00346836
0.00569375 0.00184526
0.00456788 -0.00042252
-0.00066878 0.00539328
-0.00616205 0.00878873
-0.00490714 0.00546595
-0.00212867 0.00206192
-0.00062342 0.00068046
0.00151760 -0.00573514
0.00607915 -0.00474995
0.00199276 0.00251040
-0.00218639 0.00520753
-0.00139960 0.00208243
-0.00079000 0.00402121
0.00000873 0.00270980
0.00213769 -0.00502379
0.00563239 -0.00811985
0.00533118 -0.00476747
0.00230699 -0.00248635
-0.00254083 0.00074392
-0.00591715 0.00533092
-0.00603156 0.00340965
-0.00290001 0.00094354
-0.00182812 -0.00129173
0.00121630 -0.00363562
0.00348938 -0.00600632
0.00185167 -0.00399785
-0.00016142 -0.00146869
-0.00096169 -0.00080082
-0.00325354 -0.00105324
-0.00351480 -0.00270216
-0.00063765 -0.00370959
-0.00112397 -0.00222636
-0.00424026 -0.00043656
-0.00218137 -0.00093539
-0.00000756 -0.00097647
-0.00459694 -0.00032280
-0.00623951 -0.00063751
-0.00188389 -0.00255364
-0.00086199 -0.00126394
-0.00556999 -0.00188649
-0.00408178 -0.00500844
0.00245470 -0.00429632
0.00410174 -0.00445208
0.00279716 -0.00554396
0.00199355 -0.00627542
-0.00236569 0.00138822
-0.00642534 0.00437354
-0.00778964 0.00007237
-0.00964859 -0.00163571
-0.00803501 -0.00125786
-0.00000780 -0.00449232
0.00528864 -0.00732060
-0.00311784 -0.00502534
-0.01004569 0.00047535
-0.00686498 0.00180736
-0.00583106 0.00033446
-0.00674410 -0.00571177
-0.00224948 -0.01221780
0.00612203 -0.01006228
0.00695280 -0.00548098
0.00233942 -0.00439816
-0.00560005 -0.00088011
-0.01134949 0.00725657
-0.01039004 0.00728978
-0.00462724 -0.00525823
-0.00213702 -0.00861631
-0.00415470 -0.00763050
0.00060585 -0.00283089
0.00112349 -0.00263096
-0.00799543 -0.00278613
-0.01561270 -0.00266157
-0.00658487 -0.00144882
0.00266659 -0.00679342
0.00303368 -0.01259420
-0.00049924 -0.00971733
-0.00094161 0.00085426
-0.00477821 0.00754433
-0.01198114 0.00123117
-0.01853838 -0.00688374
-0.00979761 -0.00806412
-0.00003325 -0.00915546
0.00826383 -0.01015988
0.00538350 -0.01007659
-0.00597396 -0.00047456
-0.01246648 0.01382420
-0.01035591 0.01059107
-0.00559865 -0.00570771
-0.00342069 -0.01918696
0.00360504 -0.01649773
0.01678667 -0.01616631
0.00574282 -0.00839560
-0.01732488 0.00296595
-0.02385898 0.01211228
-0.01650422 0.01881090
-0.01384954 0.00170948
-0.00362453 -0.01294307
0.01404399 -0.02035770
0.01810419 -0.01139611
0.01083698 -0.00545880
-0.00071264 0.00261974
-0.01274590 0.01006562
-0.01625722 0.01070988
-0.00497340 0.00129249
0.00309135 -0.01033161
0.00639132 -0.01173720
0.01008129 -0.00710951
0.00237525 0.00196269
-0.01065948 0.01290050
-0.01385770 0.01048165
-0.01075148 0.01119902
-0.00890707 0.00370838
0.00475023 0.00006065
0.01458352 -0.00344935
0.00985698 0.00550913
0.00264943 -0.00108489
0.00980212 0.00616870
0.01397553 0.01428962
0.00834916 -0.00241909
0.01056360 -0.01376834
0.01260371 0.00447555
0.00011565 0.01564997
-0.00587393 0.00435487
-0.00388345 0.01967633
-0.01227940 0.02075917
0.00061182 0.00850141
0.02706159 0.00371861
0.01947105 0.01547841
0.02246513 0.01312165
0.02509219 0.01580767
0.02457598 0.03652432
0.00235218 0.03867337
0.01855627 0.01051398
0.02157433 -0.00310498
0.01127044 0.01155190
0.02437004 0.00843648
0.04215677 0.00145410
0.00655100 0.02293296
-0.00166881 0.02875522
0.01708236 0.03523393
0.02489745 0.03843116
0.00721065 0.02009193
0.01727128 0.00160403
0.04408148 0.03881668
0.04687362 0.05196369
0.03279245 0.01129682
0.04115084 0.01599954
0.03416873 0.04412892
0.03772325 0.03500060
0.03443816 0.01367436
0.01538867 0.02116001
-0.00471003 0.03700928
0.01399593 0.04162332
0.03528996 0.02728619
0.01005759 0.00323535
0.01966769 -0.02073280
0.05531852 0.01718072
0.04626094 0.05068912
0.01496106 0.03439020
0.01745648 0.03817522
0.01370199 0.06303564
0.03753017 0.05525880
0.04943857 0.00811003
0.05369279 -0.01255948
0.03907830 0.00598927
0.02904809 0.02364404
0.01641728 0.05380718
-0.01961122 0.05407982
-0.02443384 0.02887760
0.02262594 0.03479724
0.04936367 0.03044701
0.05819773 -0.00469759
0.04091255 -0.01578228
0.03414574 0.02659665
0.02943977 0.05315584
0.01378530 0.03604376
0.00223414 0.01364958
0.00820993 0.00215928
0.03104675 -0.00144911
0.04198517 0.01220380
0.00473084 0.00794113
-0.01310793 0.01380983
-0.00547501 0.04106317
0.01157971 0.04852598
0.01432359 0.00847412
0.01148782 -0.01800059
0.02662702 0.00417718
0.04170367 0.01849378
0.02308506 0.01266669
-0.01548264 0.01659094
-0.01870886 0.03103217
0.02562318 0.00778867
0.02954846 -0.01525348
0.02260613 -0.02834087
0.01593208 -0.01794689
0.01200726 0.00816813
-0.00937230 0.02972020
-0.03635281 0.02900222
-0.03861790 0.02267737
-0.02400459 0.00956233
0.01974294 -0.01850647
0.03367198 -0.03695719
0.02707557 -0.03201028
0.00733694 0.00428929
-0.00662701 0.01721574
-0.02021432 0.01261303
-0.03434235 0.00939932
-0.02734096 -0.00003927
-0.00820609 -0.02512493
0.02097155 -0.04220133
0.02590467 -0.02327688
0.00108616 -0.00375103
-0.01728860 0.00727232
-0.01798754 0.01752027
-0.01779989 0.02131704
-0.02470225 -0.00423567
-0.00551804 -0.01689911
0.00529782 -0.01291698
0.00174316 -0.02867228
0.00588205 -0.03379031
-0.00597115 -0.00448109
-0.02988280 0.01765791
-0.01855809 -0.00832365
-0.00141385 -0.00688140
-0.00788298 0.01529787
-0.01419049 0.00127749
0.00324927 -0.01490946
0.00140375 0.00067320
-0.01418637 0.00033131
-0.00493185 -0.02312531
-0.00028554 -0.02272405
-0.01247365 -0.02150706
0.00106347 -0.03604305
0.01658975 -0.01499538
-0.00704452 0.01634670
-0.02534675 0.00143811
-0.00485398 -0.00461211
-0.00640532 0.01728222
-0.01734664 0.00669817
-0.00292860 -0.02844569
0.00344685 -0.01710065
-0.01050719 0.00461238
-0.00897766 -0.00043670
-0.01330512 0.00324699
-0.03237562 0.01432816
-0.02132461 0.00327262
0.01128261 -0.01282765
0.01283146 -0.02240027
0.01039296 -0.03799056
0.02789408 -0.03379627
0.02569818 -0.01151242
-0.00864552 0.00033797
-0.01934416 0.00780077
-0.02607976 0.02411451
-0.02937993 0.02267670
-0.01543857 -0.00004469
0.00476751 -0.00480533
0.00781192 -0.00796453
0.00662346 -0.02165051
0.00647606 -0.00903100
-0.01580533 0.00882414
-0.02530993 0.00968916
-0.01811938 0.00028500
-0.01871084 -0.00129820
-0.00777287 -0.01907531
0.02151345 -0.03280661
0.02258229 -0.01999899
0.00553650 -0.01847730
0.00210960 -0.01708368
-0.00646804 0.01203549
-0.02834953 0.02535518
-0.03038306 -0.00001987
-0.01769281 -0.01255388
-0.01790343 -0.00800905
-0.00644253 -0.02404282
0.00518556 -0.03335257
-0.00924625 -0.01146882
-0.01016294 -0.00302860
0.00393388 -0.00727139
-0.00587097 0.00622363
-0.03012730 0.00284103
-0.01096117 -0.01882039
-0.00300085 -0.01199064
-0.02751820 -0.00253818
-0.03128448 -0.02129769
-0.01068437 -0.02549991
-0.00951932 -0.00827229
-0.00861900 -0.01721257
0.00200499 -0.02473009
-0.01019309 -0.01046620
-0.01493033 -0.00812552
-0.00647805 -0.01555290
