-0.00013099 0.00336290
0.00525387 0.00100161
0.00072250 -0.00060066
-0.00065843 -0.00001687
-0.00002543 -0.00020647
-0.00002392 0.00033311
0.00011594 -0.00004162
-0.00001146 -0.00004885
-0.00006719 -0.00003782
-0.00020921 -0.00006551
0.00006896 0.00004760
0.00015760 0.00004739
-0.00016082 -0.00005021
0.00003025 -0.00002090
-0.00007863 0.00001010
0.00005610 0.00037632
0.00036558 -0.00114199
-0.00113596 0.00158670
0.00157849 -0.00123052
-0.00142688 -0.00026382
0.00012845 0.00024453
0.00001845 -0.00000133
0.00000000 0.00000000
-0.00003513 0.00147182
0.00201203 0.00006963
-0.00000444 0.00000000
0.00000000 -0.00000022
0.00000583 0.00000981
0.00000025 0.00009716
0.00010251 -0.00003523
-0.00016891 -0.00049689
-0.00012394 0.00000873
0.00000294 -0.00003874
-0.00023625 -0.00009272
-0.00025144 -0.00018897
0.00000441 -0.00000024
0.00000466 0.00033838
0.00029010 -0.00028254
-0.00024559 0.00005793
0.00012354 0.00001427
0.00002019 0.00002140
-0.00005504 -0.00005531
-0.00000002 -0.00000044
0.00000581 0.00003885
0.00001383 -0.00000633
-0.00000422 -0.00001443
0.00001291 0.00002949
0.00000186 -0.00000911
-0.00002020 -0.00000256
0.00000114 -0.00002644
-0.00004342 -0.00000285
0.00000297 0.00005100
0.00003245 -0.00000107
0.00000000 0.00000025
-0.00001761 -0.00002116
0.00000073 0.00000348
-0.00003297 -0.00011237
0.00132672 0.00304040
-0.00063712 -0.00277805
-0.00044963 0.00025176
0.00025115 0.00045194
0.00191726 0.00049940
-0.00006116 -0.00002063
-0.00001076 0.00001438
0.00003716 0.00005177
-0.00094028 -0.00139208
0.00008014 0.00070254
0.00026381 0.00025696
-0.00001896 -0.00049166
-0.00013345 0.00006969
0.00001803 -0.00000119
0.00000000 -0.00000378
0.00014993 0.00020883
0.00000778 0.00000219
-0.00003744 -0.00016634
-0.00004500 -0.00004307
-0.00004643 -0.00006734
-0.00013967 -0.00022441
-0.00011270 0.00000497
0.00000000 0.00000000
0.00000000 0.00000000
0.00000000 0.00000000
0.00000000 0.00000000
0.00000000 0.00000000
0.00000000 0.00000000
0.00000000 0.00000000
0.00000000 0.00000000
0.00000000 -0.00000039
0.00000526 0.00003132
0.00000299 -0.00004471
-0.00001607 0.00001892
0.00004256 0.00000540
-0.00000042 0.00000013
0.00000178 -0.00000605
-0.00006355 -0.00003009
0.00000148 -0.00000018
0.00000269 0.00007075
0.00004671 -0.00009378
-0.00006121 0.00011887
0.00007787 -0.00014250
-0.00009575 0.00010953
0.00006093 -0.00008731
-0.00002949 0.00000182
0.00000000 0.00000000
0.00000000 -0.00000012
0.00000376 0.00000451
0.00003228 0.00005915
-0.00011038 -0.00019532
-0.00002194 -0.00019795
-0.00013668 0.00000448
-0.00000863 -0.00004646
0.00000697 0.00015586
0.00006025 -0.00001494
-0.00018972 -0.00020571
0.00029637 0.00032881
-0.00021307 -0.00023714
0.00000939 0.00004858
0.00011585 0.00002565
-0.00001929 -0.00008815
-0.00002962 -0.00001042
-0.00000598 -0.00001321
0.00002298 0.00012448
-0.00001720 -0.00023975
-0.00002585 0.00018811
0.00005211 0.00002388
0.00002233 -0.00000036
0.00000052 -0.00000729
-0.00011718 -0.00007212
0.00001875 0.00007495
0.00003722 0.00008034
-0.00001322 -0.00023159
-0.00003369 0.00030041
0.00004945 -0.00029685
-0.00008919 0.00000165
-0.00001458 0.00004263
0.00007458 -0.00008451
-0.00013318 0.00006448
0.00011258 0.00000652
-0.00000287 -0.00003126
-0.00001730 0.00000090
-0.00001164 -0.00001484
0.00000777 0.00004570
0.00000826 0.00012069
0.00031781 -0.00003537
-0.00021078 -0.00002980
0.00000207 0.00000312
0.00001273 0.00000318
-0.00000175 0.00003358
0.00006718 -0.00001056
-0.00006992 -0.00001783
0.00000124 0.00000000
0.00000000 0.00000000
0.00000000 0.00000000
0.00000000 0.00000000
-0.00000025 0.00000344
0.00001464 0.00000385
-0.00000067 -0.00001002
-0.00000698 -0.00000081
-0.00000495 0.00001084
0.00004944 0.00000864
-0.00001714 -0.00000820
-0.00000644 -0.00005358
-0.00002908 -0.00000085
-0.00001431 0.00004298
0.00012748 -0.00002852
-0.00012724 -0.00002017
-0.00000368 0.00003484
0.00009428 -0.00000878
-0.00003362 -0.00001604
-0.00000509 0.00002529
0.00009969 0.00002436
-0.00000172 0.00000006
-0.00000094 -0.00004292
-0.00003034 -0.00006765
-0.00021942 0.00003847
0.00025056 0.00004655
0.00005220 -0.00253239
-0.00337004 -0.00010673
0.00001057 -0.00022816
-0.00029821 -0.00027355
-0.00035048 -0.00001685
-0.00008241 -0.00006342
0.00044009 0.00071646
0.00004412 -0.00001155
-0.00020453 -0.00014490
0.00004977 0.00010062
0.00003288 0.00013728
0.00005638 0.00002732
0.00001340 -0.00005715
-0.00009412 -0.00000488
0.00002509 0.00001684
0.00000126 0.00004722
0.00003194 -0.00005201
-0.00003693 0.00000944
0.00001159 -0.00000746
-0.00000651 -0.00054521
-0.00078383 -0.00006017
-0.00021967 -0.00007801
0.00015745 0.00004938
-0.00157849 -0.00141783
0.00012902 0.00047154
-0.00000595 -0.00024479
-0.00002162 0.00000163
0.00000000 0.00000000
0.00000000 0.00000000
0.00000000 0.00000000
0.00000000 0.00000000
0.00000000 0.00000000
0.00000000 0.00000000
0.00000000 0.00000000
0.00000000 0.00000000
0.00000000 0.00000000
0.00000000 0.00000000
0.00000000 0.00000000
-0.00000244 0.00003896
0.00011554 0.00001918
0.00001727 0.00004743
-0.00023648 -0.00026535
0.00025842 0.00017417
-0.00014309 -0.00091448
-0.00040052 0.00041907
0.00168017 0.00134014
0.00379213 0.00104445
0.00011331 -0.00453662
-0.00786012 -0.00054570
-0.00003154 -0.00015536
-0.00000976 0.00009693
0.00004737 -0.00015635
0.00003101 0.00597041
0.00481251 -0.00006215
0.00002489 -0.00004380
-0.00013152 -0.00002451
0.00006482 0.00011236
0.00000834 -0.00000061
0.00000113 -0.00001508
-0.00008210 -0.00002540
-0.00001554 -0.00007316
-0.00001334 0.00003124
-0.00008752 -0.00038636
-0.00010586 -0.00007516
-0.00004093 0.00000492
-0.00001846 -0.00014433
-0.00121166 -0.00160863
-0.00012025 -0.00032708
-0.00011017 0.00018697
0.00012823 -0.00000328
0.00000000 0.00000000
0.00000000 0.00000000
0.00000000 0.00000000
0.00000000 0.00000000
0.00000000 0.00000000
0.00000000 -0.00000172
0.00002307 0.00028427
0.00015554 -0.00006389
-0.00009508 -0.00003007
-0.00004764 0.00002065
0.00004796 0.00003579
0.00006117 0.00000642
-0.00001103 -0.00013494
-0.00007695 0.00008177
0.00013796 -0.00004260
-0.00009152 0.00001833
0.00004289 0.00000297
-0.00000074 -0.00000136
-0.00005916 -0.00021854
-0.00002330 0.00010890
0.00003614 0.00004118
0.00000887 0.00002500
0.00005379 -0.00000481
-0.00002271 0.00001619
0.00005651 0.00001192
-0.00003481 -0.00006966
0.00000336 0.00002044
0.00001045 0.00006736
0.00003103 -0.00004752
-0.00009534 -0.00000964
0.00000073 0.00000000
0.00000000 0.00000000
0.00000000 -0.00000002
0.00000034 0.00000100
0.00000016 -0.00000001
-0.00000118 0.00003597
0.00005949 -0.00005115
-0.00013990 0.00011090
0.00020631 -0.00000839
-0.00011624 0.00004750
0.00017975 -0.00018995
-0.00018361 0.00005143
0.00004837 0.00000005
-0.00000617 0.00002595
0.00007420 0.00000892
-0.00000033 -0.00000613
-0.00000779 0.00009926
0.00001630 -0.00011708
0.00013313 0.00013941
-0.00005060 -0.00004388
-0.00001759 -0.00001586
0.00000065 0.00000015
-0.00000063 0.00000817
0.00005582 0.00001725
-0.00002844 -0.00001042
0.00000159 -0.00003577
-0.00005173 0.00000005
0.00008053 0.00006210
-0.00000064 -0.00002317
-0.00003305 -0.00000481
0.00000084 0.00003140
0.00000270 -0.00004159
-0.00000883 0.00006192
0.00008497 0.00000308
0.00000215 -0.00003080
-0.00024300 -0.00008434
0.00014246 0.00005894
0.00000614 0.00000632
0.00004912 0.00003038
-0.00004987 -0.00003258
0.00000075 0.00000298
0.00002301 0.00000964
-0.00000022 -0.00000325
-0.00002697 0.00000499
0.00000449 0.00000782
0.00007094 0.00003761
0.00016160 0.00006603
-0.00013477 -0.00025678
-0.00002329 0.00000175
0.00000000 0.00000000
0.00000000 -0.00000026
0.00000368 0.00006457
0.00004189 0.00002688
-0.00009672 -0.00020026
0.00015455 0.00018231
-0.00001537 -0.00000040
0.00001861 -0.00016400
-0.00009096 0.00019429
0.00008225 -0.00010161
-0.00000756 0.00003384
-0.00004852 -0.00016918
-0.00000800 0.00002284
0.00001577 -0.00000109
-0.00000790 -0.00000004
0.00000000 0.00000000
0.00000000 0.00000000
0.00000043 -0.00000568
-0.00003386 0.00002446
0.00005130 -0.00008567
-0.00004552 0.00000634
0.00002762 0.00010407
-0.00024348 -0.00027818
0.00011249 0.00011532
-0.00005272 -0.00006651
0.00008533 0.00006505
0.00000071 -0.00000503
-0.00000885 0.00001374
0.00003469 0.00004785
0.00017481 0.00003129
-0.00035637 -0.00025733
0.00028918 0.00034147
-0.00004796 -0.00016539
-0.00005387 -0.00011311
-0.00003451 0.00017839
0.00017652 -0.00002645
-0.00019266 -0.00007796
0.00000903 0.00007894
0.00004876 -0.00000170
-0.00000001 0.00000021
0.00000031 0.00000002
0.00000058 -0.00000893
-0.00002942 -0.00000586
0.00000045 0.00000039
0.00000273 -0.00002027
-0.00002026 0.00001519
0.00000673 -0.00000268
-0.00005084 -0.00002418
0.00001296 0.00001205
-0.00000722 -0.00002365
0.00000259 0.00018402
0.00013690 -0.00011952
-0.00008899 0.00000072
0.00001755 0.00005811
-0.00001705 -0.00009026
-0.00001724 0.00000128
-0.00000120 0.00001824
0.00005966 0.00001176
-0.00000127 0.00003663
0.00004349 -0.00013977
-0.00016272 0.00017574
0.00020432 -0.00000343
-0.00011829 -0.00007754
-0.00001717 -0.00001362
0.00006318 0.00007704
-0.00002071 -0.00005357
-0.00000786 -0.00000274
0.00000812 0.00001073
0.00000020 -0.00000001
0.00000000 -0.00000001
0.00000019 0.00000944
0.00000831 -0.00000919
-0.00002680 0.00000307
0.00003100 0.00000591
-0.00000955 -0.00000575
-0.00000309 0.00002240
0.00002454 -0.00000140
-0.00000358 -0.00003307
-0.00003450 0.00005403
0.00005597 0.00001676
0.00000647 -0.00009275
-0.00009841 0.00004258
0.00004587 -0.00000069
0.00005631 0.00007278
-0.00005958 -0.00013559
-0.00001733 0.00003733
0.00008071 0.00002143
0.00002829 0.00000317
-0.00002667 -0.00002230
0.00003182 0.00006585
0.00000679 -0.00000002
-0.00000685 -0.00002952
-0.00001471 -0.00004929
-0.00002282 0.00005164
0.00010650 -0.00002406
-0.00007285 -0.00000741
0.00010250 0.00010243
-0.00007523 -0.00008126
-0.00009006 0.00001542
0.00037115 0.00008207
-0.00047425 -0.00013352
0.00030433 0.00006579
-0.00009983 -0.00001640
-0.00000008 -0.00001591
0.00005241 0.00011224
0.00000818 -0.00000904
-0.00002997 -0.00004169
0.00001333 0.00002979
0.00000225 -0.00000017
-0.00000025 0.00001619
0.00001966 0.00000007
-0.00000282 -0.00003773
-0.00003841 -0.00006942
-0.00066997 -0.00032143
0.00001558 0.00000000
0.00000000 0.00000000
0.00000000 0.00000000
0.00000000 0.00000000
0.00000000 0.00000000
0.00000000 0.00000000
0.00000000 0.00000040
-0.00001230 -0.00001879
-0.00001744 -0.00002534
-0.00000593 -0.00002234
-0.00002380 -0.00002586
-0.00000143 -0.00000015
0.00000334 0.00001681
0.00000511 0.00001141
-0.00018326 -0.00057004
0.00009367 0.00023624
0.00015585 0.00018436
-0.00014252 -0.00033651
-0.00004149 0.00005147
0.00005082 0.00000247
-0.00010824 -0.00014874
-0.00005634 0.00000543
0.00014831 0.00002369
-0.00014062 -0.00004485
0.00000285 -0.00000384
0.00009062 0.00016740
0.00001352 -0.00000101
0.00000000 0.00000116
-0.00013496 -0.00015816
0.00014485 0.00035832
0.00005392 0.00001934
-0.00008454 -0.00021796
-0.00004265 -0.00002938
-0.00000475 0.00000635
0.00014614 0.00010187
-0.00000365 0.00001198
0.00006530 -0.00002386
-0.00023059 0.00003817
0.00026824 0.00002996
-0.00002964 -0.00001310
-0.00002723 -0.00010714
-0.00007425 0.00000163
0.00000000 0.00000000
0.00000000 0.00000000
0.00000000 0.00000000
0.00000000 0.00000000
0.00000000 0.00000000
0.00000000 0.00000000
0.00000000 0.00000000
0.00000000 0.00000000
0.00000000 -0.00000089
0.00001301 0.00004818
0.00001041 0.00001938
0.00002927 -0.00004337
-0.00006208 -0.00000360
0.00001816 0.00007306
0.00001833 -0.00000313
-0.00000724 -0.00000193
0.00000300 0.00000954
0.00000613 -0.00007537
-0.00019046 0.00004354
0.00044063 0.00016962
-0.00013702 -0.00045624
-0.00005342 0.00021130
0.00005634 0.00004340
-0.00001263 -0.00028003
-0.00004115 0.00016995
0.00004577 -0.00000052
-0.00002840 -0.00011380
-0.00002874 0.00003639
0.00009463 0.00001492
-0.00000078 0.00000180
-0.00002580 -0.00004810
0.00020588 -0.00853223
-0.01287134 0.00497729
0.00857820 -0.00197639
-0.00389084 -0.00042727
-0.00011725 -0.00020302
-0.00009893 -0.00013762
0.00000963 0.00039347
0.00013656 0.00029008
0.00042293 -0.00002146
-0.00022408 -0.00008006
-0.00001872 -0.00001845
-0.00007102 0.00002131
0.00032058 0.00005535
-0.00033712 0.00005961
0.00046226 -0.00015971
-0.00058462 0.00091008
0.00099600 -0.00084644
-0.00084218 0.00003331
0.00003319 0.00082906
0.00131676 0.00064755
-0.00048067 -0.00089674
-0.00006798 0.00000502
0.00000000 0.00000000
-0.00000119 0.00005108
0.00007013 0.00000229
-0.00000010 0.00000000
0.00000000 -0.00000438
0.00011726 0.00019821
0.00001367 -0.00015023
-0.00015754 0.00010500
-0.00003005 -0.00053417
-0.00013343 0.00000939
-0.00000504 0.00006656
0.00040790 0.00013307
-0.00035015 -0.00025151
0.00000588 -0.00000001
0.00000006 0.00000345
0.00000632 0.00022992
0.00020834 -0.00016578
-0.00036584 -0.00004246
0.00021562 0.00021348
-0.00013881 -0.00013958
-0.00000006 -0.00000092
0.00001207 0.00008119
0.00002175 -0.00006040
-0.00001637 0.00004085
-0.00004252 -0.00009196
0.00000108 -0.00004269
-0.00011520 -0.00001463
-0.00000058 0.00004770
0.00007831 0.00000518
-0.00000581 -0.00010035
-0.00006382 0.00000210
0.00000000 0.00000121
-0.00008445 -0.00010131
0.00000021 0.00000410
0.00005607 0.00006418
0.00015296 0.00028663
0.00090643 0.00242065
0.00043975 -0.00237659
-0.00308490 0.00051917
0.00260774 0.00070720
0.00000529 -0.00023108
-0.00018992 0.00002000
-0.00003330 -0.00003202
-0.00017722 -0.00025260
-0.00013117 -0.00059795
-0.00009766 0.00040379
0.00018323 0.00032064
-0.00004200 -0.00068740
-0.00020424 0.00001349
0.00000000 -0.00000536
0.00021322 0.00029708
0.00001102 0.00000013
-0.00001163 -0.00005163
-0.00001805 0.00077882
0.00084648 -0.00045713
-0.00079501 0.00019249
0.00013734 -0.00000582
0.00000000 0.00000000
0.00000000 0.00000000
0.00000000 0.00000000
0.00000000 0.00000000
0.00000000 0.00000000
0.00000000 0.00000000
0.00000000 0.00000000
0.00000000 0.00000000
0.00000000 -0.00000157
0.00002077 0.00012248
0.00002526 -0.00009771
-0.00003344 0.00001728
0.00003611 0.00000458
-0.00000048 0.00000172
0.00001664 0.00000476
-0.00002911 -0.00001361
0.00000067 -0.00000001
0.00000009 0.00000209
0.00000222 0.00001837
0.00001142 -0.00004286
-0.00002669 0.00009130
0.00005921 -0.00013653
-0.00005198 0.00024901
0.00008515 -0.00000526
0.00000000 0.00000000
0.00000000 0.00000134
-0.00004341 -0.00007184
0.00014843 0.00026550
-0.00011859 -0.00023532
-0.00001072 0.00012121
0.00008246 -0.00000066
-0.00002214 -0.00011402
-0.00004786 -0.00008834
-0.00000924 0.00014238
-0.00018974 -0.00025880
0.00004932 0.00005565
0.00013798 0.00015130
-0.00006749 -0.00003775
0.00012121 0.00002520
0.00000460 0.00003098
0.00003397 0.00011228
-0.00000494 -0.00017022
-0.00000335 0.00020202
0.00003542 -0.00009411
-0.00004554 -0.00008935
-0.00002337 0.00010491
0.00008421 -0.00000135
-0.00000015 0.00000212
0.00003422 0.00002372
-0.00004199 -0.00019767
-0.00000416 0.00026867
0.00004761 -0.00020641
-0.00005866 0.00007790
0.00003680 0.00004789
0.00001215 0.00004721
0.00015191 -0.00002819
-0.00009393 0.00007920
0.00012880 -0.00012161
-0.00020320 -0.00001260
0.00001574 0.00019366
0.00010701 -0.00000269
-0.00010722 -0.00013310
0.00002146 0.00013683
0.00004691 -0.00002414
-0.00005971 0.00007903
0.00022444 0.00003242
0.00000105 -0.00004949
-0.00020175 -0.00005051
0.00000162 0.00004242
0.00008355 0.00000562
-0.00000898 -0.00000216
0.00000015 0.00000000
0.00000000 0.00000000
0.00000000 0.00000000
0.00000000 0.00000000
0.00000015 -0.00000206
-0.00000878 -0.00000234
0.00000086 0.00001743
0.00001296 -0.00001042
-0.00004253 0.00000108
0.00004891 0.00001137
0.00000758 0.00011493
0.00006003 -0.00003489
-0.00001702 -0.00000672
-0.00004163 -0.00001231
0.00000172 0.00005047
0.00013705 -0.00005460
-0.00020214 0.00000484
0.00009493 0.00001799
-0.00001416 -0.00005878
-0.00001243 -0.00000382
-0.00001891 -0.00000462
0.00000033 -0.00000007
0.00000115 0.00005244
0.00004588 -0.00005442
-0.00016900 -0.00002829
0.00001318 0.00000202
-0.00001601 0.00071896
0.00095488 0.00002044
-0.00005204 0.00209367
0.00281287 -0.00115778
-0.00166084 -0.00005602
-0.00006222 -0.00007890
0.00116605 0.00190508
0.00011628 -0.00002171
-0.00032782 -0.00022934
0.00002169 0.00003414
0.00000865 0.00003010
0.00001534 0.00002465
0.00000781 0.00004476
0.00007583 -0.00000121
-0.00013893 -0.00009537
0.00000630 0.00009808
0.00006882 -0.00004454
-0.00003135 0.00003021
0.00004042 -0.00003131
-0.00009126 0.00002932
0.00006430 0.00000454
0.00001658 -0.00001855
-0.00020799 -0.00009553
-0.00043730 -0.00039673
0.00001710 0.00005940
-0.00010219 -0.00022766
-0.00002067 0.00000155
0.00000000 0.00000000
0.00000000 0.00000000
0.00000000 0.00000000
0.00000000 0.00000000
0.00000000 0.00000000
0.00000000 0.00000000
0.00000000 0.00000000
0.00000000 0.00000000
0.00000000 0.00000000
0.00000000 0.00000000
0.00000000 0.00000000
0.00000271 -0.00004328
-0.00012834 -0.00002756
0.00009549 0.00022492
-0.00012026 -0.00017680
-0.00005171 -0.00015533
-0.00033120 -0.00036207
-0.00002171 -0.00149675
-0.00671424 0.00004514
0.00804647 0.00212411
-0.00008498 -0.00159623
-0.00276766 -0.00019338
0.00002787 0.00003022
0.00000516 0.00002429
0.00001026 -0.00007867
-0.00013481 -0.00346609
-0.00279549 0.00000784
-0.00003546 -0.00002148
-0.00008870 -0.00001514
0.00000423 0.00000553
0.00000040 -0.00000003
-0.00000052 0.00000699
0.00003807 0.00001092
0.00001923 0.00008635
-0.00000386 -0.00018153
0.00097661 0.00415633
0.00105931 -0.00002620
0.00001492 -0.00015039
-0.00009830 -0.00001705
-0.00093500 -0.00131147
0.00002089 0.00045157
0.00016939 0.00027431
0.00020257 -0.00000519
0.00000000 0.00000000
0.00000000 0.00000000
0.00000000 0.00000000
0.00000000 0.00000000
0.00000000 0.00000000
0.00000000 0.00000042
-0.00000570 -0.00007056
-0.00004206 0.00011053
0.00018524 -0.00004830
-0.00011852 -0.00001999
-0.00001905 0.00003842
0.00007892 0.00000730
-0.00000177 -0.00001546
-0.00000693 -0.00003985
-0.00007217 0.00006596
0.00012559 -0.00006835
-0.00013335 -0.00000994
0.00001029 0.00009786
0.00005295 0.00001856
-0.00003491 -0.00015303
0.00000163 0.00014412
0.00003330 -0.00000243
0.00000072 -0.00001664
-0.00003580 0.00001762
0.00006513 0.00001246
-0.00001348 -0.00002552
-0.00000442 -0.00000325
-0.00000652 -0.00004913
-0.00002538 0.00009244
0.00018926 0.00001917
-0.00000146 0.00000000
0.00000000 0.00000000
0.00000000 0.00000318
-0.00005193 -0.00014818
-0.00002466 0.00000187
-0.00000242 0.00007374
0.00011809 -0.00003500
-0.00010433 0.00000938
0.00003403 0.00005678
0.00030851 0.00021830
0.00022992 -0.00005622
-0.00007278 0.00001488
0.00001380 -0.00000015
0.00000914 -0.00008895
-0.00021680 -0.00002600
0.00000338 -0.00002310
-0.00005189 0.00015495
0.00006268 -0.00008243
-0.00000930 0.00000712
0.00004097 0.00003650
0.00001281 -0.00001190
-0.00011098 -0.00003358
0.00000160 0.00000803
0.00005431 0.00002391
0.00001931 0.00000786
-0.00000013 -0.00001192
-0.00001714 -0.00000185
-0.00004137 -0.00003198
-0.00000049 0.00004375
0.00005146 -0.00011079
-0.00005578 0.00005815
0.00001972 -0.00003022
-0.00000448 -0.00002784
-0.00003906 -0.00000142
0.00000146 -0.00001776
-0.00013914 -0.00005835
0.00000546 -0.00000104
-0.00001561 -0.00000211
0.00009038 0.00006408
0.00008189 0.00005577
-0.00000033 -0.00001754
-0.00013607 -0.00005695
0.00000374 -0.00000423
-0.00004243 -0.00000756
0.00001076 -0.00001169
-0.00002834 0.00000444
0.00005858 0.00001813
0.00007368 0.00014663
0.00001333 -0.00000101
0.00000000 0.00000000
0.00000000 0.00000069
-0.00000975 -0.00017233
-0.00010346 0.00008363
-0.00003194 -0.00014429
-0.00001024 0.00000121
0.00000705 0.00002279
0.00002266 -0.00012365
-0.00007772 0.00000738
0.00002979 0.00007146
-0.00003830 0.00000531
0.00003185 -0.00001295
-0.00002568 -0.00003561
0.00000228 0.00006044
0.00006225 0.00000037
-0.00000002 0.00000000
0.00000000 0.00000000
0.00000028 -0.00000365
-0.00002063 -0.00001571
-0.00000311 0.00011609
-0.00000944 -0.00027547
-0.00003027 0.00014542
-0.00003751 -0.00007613
-0.00005322 -0.00005097
-0.00011765 -0.00015498
-0.00000210 0.00000233
0.00000481 -0.00002725
-0.00003438 -0.00004663
-0.00012851 0.00004036
0.00024919 0.00006038
-0.00007622 -0.00004927
-0.00015766 -0.00019883
0.00013541 0.00043416
0.00000276 -0.00038320
-0.00011323 0.00013256
0.00012386 0.00000122
0.00000974 0.00000423
-0.00000477 -0.00007726
-0.00004770 0.00000166
-0.00000125 0.00003951
0.00006070 0.00000310
0.00000035 -0.00000861
-0.00002836 -0.00000564
0.00000042 0.00000006
0.00000046 0.00000517
-0.00000026 -0.00000796
0.00011516 0.00006173
-0.00004726 -0.00002560
0.00000165 0.00002491
-0.00002009 -0.00006322
-0.00000677 0.00001488
0.00001424 0.00009685
0.00007408 0.00000028
-0.00002812 -0.00009215
0.00001330 0.00009968
0.00001897 -0.00000141
0.00000309 -0.00004724
-0.00015447 -0.00003047
0.00000084 0.00012992
0.00014983 -0.00008911
-0.00010412 -0.00003221
-0.00003579 0.00000773
0.00015898 0.00009411
-0.00016486 -0.00010536
0.00005452 0.00006169
0.00000366 0.00000595
0.00000017 -0.00000194
-0.00002809 -0.00003326
-0.00000064 0.00000004
0.00000000 -0.00000003
0.00000049 0.00002401
0.00002011 -0.00000659
-0.00001822 -0.00000283
0.00000116 0.00000159
0.00000727 -0.00001577
-0.00001984 0.00000026
0.00000027 0.00000368
0.00000913 -0.00010609
-0.00011397 -0.00000304
0.00001474 0.00009758
0.00003476 0.00000131
0.00000415 -0.00010315
-0.00010965 -0.00000179
0.00006970 0.00008473
0.00003013 0.00006246
0.00000595 0.00002240
0.00005298 -0.00001750
-0.00005778 -0.00000708
0.00002142 0.00001769
-0.00002661 -0.00005509
-0.00000569 -0.00000128
0.00002378 0.00010547
0.00001240 -0.00011885
-0.00004896 0.00002587
0.00004742 0.00002116
0.00003340 0.00000342
0.00000020 0.00000164
0.00012654 0.00006402
-0.00035151 -0.00010494
0.00025985 0.00010572
0.00003183 -0.00003082
-0.00025956 0.00002038
0.00031419 0.00001459
-0.00010081 0.00001294
-0.00007662 -0.00017108
-0.00001140 0.00005507
-0.00007221 -0.00020027
0.00005351 0.00012401
0.00000932 -0.00000069
0.00000103 -0.00006711
-0.00008164 0.00000172
0.00003738 -0.00009934
-0.00014368 0.00000727
0.00009907 0.00004739
-0.00000229 0.00000000
0.00000000 0.00000000
0.00000000 0.00000000
0.00000000 0.00000000
0.00000000 0.00000000
0.00000000 0.00000000
0.00000000 -0.00000170
0.00005153 0.00008254
-0.00004462 -0.00007651
-0.00001479 -0.00005406
-0.00000363 0.00002133
0.00000110 0.00000026
-0.00000454 -0.00002287
-0.00000696 -0.00000743
0.00012390 0.00038961
-0.00045266 -0.00061613
0.00031599 0.00037550
0.00003701 0.00007267
0.00001046 -0.00035584
-0.00037347 -0.00000084
-0.00004260 -0.00006322
-0.00005248 -0.00001197
0.00004774 0.00002052
0.00002504 0.00000848
-0.00000054 -0.00000570
0.00013480 0.00024912
0.00002008 -0.00000149
0.00000000 0.00000132
-0.00015290 -0.00017156
0.00002662 0.00006876
0.00002206 0.00003529
0.00006613 0.00014955
-0.00004467 -0.00016250
-0.00002200 0.00000096
-0.00001786 -0.00001243
-0.00000702 0.00009898
0.00051740 0.00008582
-0.00039527 -0.00002312
0.00024291 -0.00000654
-0.00019848 -0.00003722
0.00009871 -0.00058994
-0.00047291 0.00001031
0.00000000 0.00000000
0.00000000 0.00000000
0.00000000 0.00000000
0.00000000 0.00000000
0.00000000 0.00000000
0.00000000 0.00000000
0.00000000 0.00000000
0.00000000 0.00000000
0.00000000 -0.00000161
0.00002340 0.00008665
0.00001787 0.00006883
0.00010023 -0.00008132
-0.00011891 -0.00000599
0.00002223 0.00008902
0.00002393 -0.00002653
-0.00009785 -0.00002788
0.00006747 0.00021881
0.00005058 -0.00012075
-0.00029135 -0.00001446
0.00016032 0.00005442
0.00004591 0.00018228
-0.00005565 -0.00042947
-0.00011982 0.00012627
0.00010869 -0.00010197
-0.00005253 -0.00010358
-0.00002938 0.00000270
-0.00000523 -0.00002295
-0.00000434 -0.00001734
-0.00004864 -0.00000904
0.00003130 0.00005773
0.00002575 0.00004231
